3924
1654
3505
1881
3637
1680
3548
3290
9033
1690
3906
6045
5140
4019
6330
8726
7245
9961
4182
9714
5055
6319
8182
4969
5241
9944
1869
3695
3436
4213
1055
2168
9147
8503
4093
6873
894
8144
7294
5988
8381
1728
720
1285
4861
6499
5155
2400
9221
4640
1884
676
2492
8406
9692
4342
8087
1323
2669
3941
2076
2894
9100
7522
4689
7688
8015
3182
7129
7820
2746
1344
8787
59
1221
4613
9652
2938
3435
1962
6882
7669
3807
9595
7552
1494
2661
1113
7108
5684
6003
2539
5679
2946
2994
9091
6362
3354
6852
871
4595
1189
3738
2847
1661
3166
5263
5950
7608
6331
4197
6311
5839
252
6745
2483
2266
9816
4003
5609
493
5981
3007
5105
7032
9744
7144
4126
501
3289
6750
9965
3023
385
9973
7755
3081
7635
8730
3414
9790
8927
8942
5686
5540
8495
3132
8169
9783
1785
697
8409
2323
2417
8243
430
835
3583
2010
7067
8760
764
3524
1472
7375
9919
1891
5716
2739
6086
2029
9222
6291
4129
3132
2517
5482
5875
3264
5815
5507
1854
2849
7780
6671
1484
5458
7945
7183
4390
4417
6421
7289
5339
9827
4488
8546
8699
8392
9757
