14726
7251
99952
39313
28022
52116
67142
54483
41801
84584
19217
89757
76864
24410
12649
79737
12854
79654
57700
36094
77829
84851
74612
67101
70209
606
65297
10922
6621
10653
84041
39193
40329
32411
80437
84343
70745
28554
5726
89733
78607
57044
51698
61277
98687
60790
65035
19526
32812
85724
71738
42752
74593
84418
61070
26786
53668
32099
64567
92419
81277
12636
13426
60799
87783
39792
89358
88890
23601
57471
30054
28104
43891
72694
7878
44107
6381
2771
29040
13326
64459
38368
77592
96682
9201
6388
31955
5915
16899
62626
63481
32147
96604
46156
40609
67363
64960
42762
82494
38033
